%纵向控制，
%1输入速度，加速度，插值油门，刹车
%列是atable(加速度m/s^2)，行是vtable(速度m/s）

%2输入速度，油门，刹车插值加速度，
%列是utable(速度，油门%)，行是vtable(速度m/s

atable=[
-4.479582717
-4.379582717
-4.279582717
-4.179582717
-4.079582717
-3.979582717
-3.879582717
-3.779582717
-3.679582717
-3.579582717
-3.479582717
-3.379582717
-3.279582717
-3.179582717
-3.079582717
-2.979582717
-2.879582717
-2.779582717
-2.679582717
-2.579582717
-2.479582717
-2.379582717
-2.279582717
-2.179582717
-2.079582717
-1.979582717
-1.879582717
-1.779582717
-1.679582717
-1.579582717
-1.479582717
-1.379582717
-1.279582717
-1.179582717
-1.079582717
-0.979582717
-0.879582717
-0.779582717
-0.679582717
-0.579582717
-0.479582717
-0.379582717
-0.279582717
-0.179582717
-0.079582717
0.020417283
0.120417283
0.220417283
0.320417283
0.420417283
0.520417283
0.620417283
0.720417283
0.820417283
0.920417283
1.020417283
1.120417283
1.220417283
1.320417283
1.420417283
];

vtable=[
0
0.2
0.4
0.6
0.8
1
1.2
1.4
1.6
1.8
2
2.2
2.4
2.6
2.8
3
3.2
3.4
3.6
3.8
4
4.2
4.4
4.6
4.8
5
5.2
5.4
5.6
5.8
6
6.2
6.4
6.6
6.8
7
7.2
7.4
7.6
7.8
8
8.2
8.4
8.6
8.8
9
9.2
9.4
9.6
9.8
10
10.2
10.4
10.6
10.8
11
11.2
11.4
11.6
11.8
12
12.2
12.4
12.6
12.8
13
13.2
13.4
13.6
13.8
14
14.2
14.4
14.6
14.8
15
15.2
15.4
15.6
15.8
16
16.2
16.4
16.6
16.8
17
17.2
17.4
17.6
17.8
18
18.2
18.4
18.6
18.8
19
19.2
19.4
19.6
19.8
20
20.2
20.4
20.6
20.8
21
21.2
21.4
21.6
21.8
22
22.2
22.4
22.6
22.8
23
23.2
23.4
23.6
23.8
24
24.2
24.4
24.6
24.8
25
25.2
25.4
25.6
25.8
26
26.2
26.4
26.6
26.8
27
27.2
27.4
27.6
27.8
28
28.2
28.4
28.6
28.8
29
29.2
29.4
29.6
29.8
30
];


utable=[
-60
-50
-40
-30
-20
-10
0
10
20
30
40
50
60
70
80
90
];

utableall=[
-60.00 	-60.00 	-60.00 	-60.00 	-60.00 	-60.00 	-60.00 	-60.00 	-60.00 	-60.00 	-60.00 	-60.00 	-60.00 	-60.00 	-60.00 	-58.45 	-55.81 	-53.18 	-50.55 	-48.75 	-47.18 	-45.60 	-44.03 	-42.46 	-40.88 	-39.67 	-38.92 	-38.18 	-37.43 	-36.68 	-35.94 	-35.19 	-34.14 	-32.99 	-31.84 	-30.69 	-28.34 	-24.15 	-19.95 	-15.76 	-11.56 	-7.37 	-3.17 	1.02 	5.21 	9.41 	13.60 	17.80 	21.99 	26.19 	30.38 	34.57 	38.77 	52.55 	56.50 	61.14 	70.90 	78.79 	84.21 	89.19 
-60.00 	-60.00 	-60.00 	-60.00 	-60.00 	-60.00 	-60.00 	-60.00 	-60.00 	-60.00 	-60.00 	-60.00 	-60.00 	-60.00 	-58.77 	-56.69 	-54.60 	-52.52 	-50.43 	-48.73 	-47.13 	-45.52 	-43.92 	-42.31 	-40.71 	-39.59 	-38.86 	-38.12 	-37.39 	-36.65 	-35.92 	-35.19 	-34.14 	-32.99 	-31.84 	-30.69 	-28.34 	-24.15 	-19.95 	-15.76 	-11.56 	-7.37 	-3.17 	1.02 	5.21 	9.41 	13.60 	17.80 	21.99 	26.19 	30.38 	34.57 	38.77 	52.64 	56.73 	61.83 	70.89 	78.78 	84.21 	89.19 
-60.00 	-60.00 	-60.00 	-60.00 	-60.00 	-60.00 	-60.00 	-60.00 	-60.00 	-60.00 	-60.00 	-60.00 	-60.00 	-60.00 	-58.78 	-56.69 	-54.60 	-52.52 	-50.43 	-48.75 	-47.18 	-45.60 	-44.03 	-42.46 	-40.88 	-39.67 	-38.93 	-38.18 	-37.43 	-36.69 	-35.94 	-35.19 	-33.94 	-32.51 	-31.08 	-29.01 	-25.02 	-21.03 	-17.04 	-13.05 	-9.06 	-5.07 	-1.08 	2.91 	6.90 	10.89 	14.88 	18.87 	22.87 	26.86 	30.85 	34.84 	38.83 	52.64 	56.73 	61.83 	70.89 	78.78 	84.21 	89.19 
-60.00 	-60.00 	-60.00 	-60.00 	-60.00 	-60.00 	-60.00 	-60.00 	-60.00 	-60.00 	-60.00 	-60.00 	-60.00 	-60.00 	-58.79 	-56.70 	-54.62 	-52.53 	-50.44 	-48.60 	-46.82 	-45.04 	-43.26 	-41.47 	-39.89 	-39.25 	-38.61 	-37.96 	-37.32 	-36.68 	-36.04 	-35.39 	-34.17 	-32.03 	-29.82 	-26.00 	-22.18 	-18.37 	-14.55 	-10.73 	-6.92 	-3.10 	0.72 	4.53 	8.35 	12.16 	15.98 	19.80 	23.61 	27.43 	31.25 	35.06 	38.88 	52.64 	56.73 	61.83 	70.89 	78.78 	84.21 	89.19 
-60.00 	-60.00 	-60.00 	-60.00 	-60.00 	-60.00 	-60.00 	-60.00 	-60.00 	-60.00 	-60.00 	-60.00 	-60.00 	-59.93 	-57.98 	-56.04 	-54.10 	-52.16 	-50.22 	-48.59 	-47.00 	-45.42 	-43.83 	-42.24 	-40.65 	-39.55 	-38.79 	-38.03 	-37.27 	-36.51 	-35.75 	-34.96 	-32.97 	-30.99 	-28.13 	-24.40 	-20.68 	-16.95 	-13.23 	-9.51 	-5.78 	-2.06 	1.67 	5.39 	9.11 	12.84 	16.56 	20.29 	24.01 	27.73 	31.46 	35.18 	38.91 	52.64 	56.73 	61.83 	70.89 	78.78 	84.21 	89.19 
-60.00 	-60.00 	-60.00 	-60.00 	-60.00 	-60.00 	-60.00 	-60.00 	-60.00 	-60.00 	-60.00 	-60.00 	-60.00 	-60.00 	-59.35 	-56.66 	-53.96 	-51.27 	-49.20 	-47.70 	-46.19 	-44.69 	-43.18 	-41.67 	-40.17 	-39.35 	-38.62 	-37.89 	-37.16 	-36.42 	-35.69 	-34.89 	-32.72 	-30.55 	-27.26 	-23.58 	-19.91 	-16.23 	-12.55 	-8.88 	-5.20 	-1.52 	2.15 	5.83 	9.51 	13.18 	16.86 	20.54 	24.21 	27.89 	31.57 	35.24 	38.92 	52.64 	56.73 	61.83 	70.89 	78.78 	84.21 	89.19 
-60.00 	-60.00 	-60.00 	-60.00 	-60.00 	-60.00 	-60.00 	-60.00 	-60.00 	-60.00 	-60.00 	-60.00 	-60.00 	-59.27 	-56.99 	-54.70 	-52.42 	-50.14 	-48.64 	-47.19 	-45.74 	-44.29 	-42.84 	-41.39 	-39.97 	-39.33 	-38.69 	-38.05 	-37.40 	-36.76 	-36.12 	-35.48 	-34.04 	-30.25 	-26.60 	-22.96 	-19.32 	-15.68 	-12.03 	-8.39 	-4.75 	-1.11 	2.53 	6.17 	9.81 	13.45 	17.09 	20.73 	24.37 	28.01 	31.65 	35.29 	38.93 	52.64 	56.73 	61.83 	70.89 	78.78 	84.18 	89.11 
-60.00 	-60.00 	-60.00 	-60.00 	-60.00 	-60.00 	-60.00 	-60.00 	-60.00 	-60.00 	-60.00 	-60.00 	-59.61 	-57.13 	-54.66 	-52.18 	-49.85 	-48.60 	-47.35 	-46.11 	-44.86 	-43.61 	-42.36 	-41.11 	-39.92 	-39.23 	-38.54 	-37.84 	-37.15 	-36.45 	-35.76 	-35.07 	-32.37 	-29.24 	-25.12 	-21.01 	-16.90 	-12.79 	-8.68 	-4.57 	-0.46 	3.65 	7.76 	11.87 	15.98 	20.09 	24.20 	28.31 	32.42 	36.53 	40.63 	44.61 	48.59 	52.64 	56.73 	61.83 	70.89 	78.78 	84.23 	89.22 
-60.00 	-60.00 	-60.00 	-60.00 	-60.00 	-60.00 	-60.00 	-60.00 	-60.00 	-60.00 	-60.00 	-60.00 	-59.66 	-57.42 	-55.19 	-52.95 	-50.72 	-49.10 	-47.77 	-46.45 	-45.12 	-43.80 	-42.47 	-41.15 	-39.91 	-39.20 	-38.50 	-37.80 	-37.09 	-36.39 	-35.69 	-34.94 	-32.18 	-29.07 	-24.63 	-20.19 	-15.74 	-11.30 	-6.85 	-2.41 	2.04 	6.48 	10.92 	15.37 	19.81 	24.26 	28.70 	33.15 	37.59 	41.20 	43.82 	46.45 	49.07 	52.64 	56.73 	61.83 	70.89 	78.78 	84.34 	89.47 
-60.00 	-60.00 	-60.00 	-60.00 	-60.00 	-60.00 	-60.00 	-60.00 	-60.00 	-60.00 	-60.00 	-60.00 	-57.84 	-55.36 	-52.88 	-50.40 	-49.04 	-47.88 	-46.73 	-45.58 	-44.43 	-43.28 	-42.13 	-40.98 	-39.89 	-39.12 	-38.34 	-37.57 	-36.80 	-36.03 	-35.26 	-33.81 	-32.00 	-30.19 	-25.67 	-20.83 	-15.99 	-11.15 	-6.31 	-1.47 	3.37 	8.21 	13.04 	17.88 	22.72 	27.56 	32.40 	37.24 	40.90 	42.99 	45.08 	47.17 	49.26 	52.64 	56.73 	61.83 	70.89 	78.78 	84.17 	89.09 
-60.00 	-60.00 	-60.00 	-60.00 	-60.00 	-60.00 	-60.00 	-60.00 	-60.00 	-60.00 	-60.00 	-60.00 	-57.97 	-55.49 	-53.00 	-50.52 	-49.08 	-47.93 	-46.77 	-45.61 	-44.45 	-43.30 	-42.14 	-40.98 	-39.88 	-39.11 	-38.34 	-37.57 	-36.80 	-36.02 	-35.25 	-33.69 	-31.75 	-29.47 	-24.34 	-19.21 	-14.08 	-8.95 	-3.82 	1.31 	6.44 	11.57 	16.70 	21.83 	26.96 	32.09 	37.22 	40.79 	42.51 	44.23 	45.95 	47.67 	49.39 	52.64 	56.73 	61.83 	70.89 	78.78 	84.24 	89.26 
-60.00 	-60.00 	-60.00 	-60.00 	-60.00 	-60.00 	-60.00 	-60.00 	-60.00 	-60.00 	-60.00 	-60.00 	-57.94 	-55.47 	-53.00 	-50.53 	-49.09 	-47.93 	-46.78 	-45.62 	-44.46 	-43.31 	-42.15 	-40.99 	-39.88 	-39.06 	-38.24 	-37.43 	-36.61 	-35.79 	-34.93 	-33.03 	-31.13 	-28.35 	-24.30 	-20.25 	-16.20 	-12.15 	-8.11 	-4.06 	-0.01 	4.04 	8.09 	12.13 	16.18 	20.23 	24.28 	28.33 	32.37 	36.42 	40.47 	44.52 	48.57 	52.64 	56.73 	61.83 	70.89 	78.78 	84.26 	89.29 
-60.00 	-60.00 	-60.00 	-60.00 	-60.00 	-60.00 	-60.00 	-60.00 	-60.00 	-60.00 	-60.00 	-59.58 	-57.41 	-55.24 	-53.07 	-50.90 	-49.32 	-48.14 	-46.97 	-45.79 	-44.62 	-43.45 	-42.27 	-41.10 	-39.95 	-39.11 	-38.27 	-37.43 	-36.59 	-35.75 	-34.79 	-32.75 	-30.71 	-27.40 	-23.40 	-19.40 	-15.40 	-11.40 	-7.40 	-3.40 	0.60 	4.59 	8.59 	12.59 	16.59 	20.59 	24.59 	28.59 	32.59 	36.59 	40.59 	44.58 	48.58 	52.64 	56.73 	61.93 	71.28 	78.84 	84.27 	89.33 
